1799382809
0944776477
0525668893
8414338193
7224499325
9498443789
8109095094
8181566513
6432401925
6843755208
9316084756
1788511515
9911498594
5288365492
0276530483
2608595499
6719183124
8251862597
9017585333
4029137061
2315159081
1172654337
3228416011
4897903401
6983680045
6090501487
1334153670
9416992511
7605652481
7981142218
2932482057
5190018561
9763863829
9277421988
8790644689
6256439113
4836229492
4570419879
0892885999
0492497152
3005874410
5912688665
6158276757
1982627276
6646882766
9107962643
0801909317
9699689738
4544910121
6107181396